@@@ Acoustic log report, powered by DARTS (https://darts.citg.tudelft.nl/) @@@
@@@            Special edition for SPE GeoEnergy Hackathon 2021            @@@
Well name: E05
depth(m)	 transit time (micron/sec)
1842.9300	  241.527030
1843.2070	  230.261838
1843.4840	  230.738602
1843.7610	  235.578155
1844.0380	  239.473500
1844.3150	  238.404623
1844.5920	  235.983812
1844.8690	  238.693106
1845.1460	  234.532300
1845.4229	  234.593174
1845.6999	  231.331717
1845.9769	  232.566389
1846.2539	  230.577947
1846.5309	  234.476338
1846.8079	  245.439580
1847.0849	  240.923515
1847.3619	  249.417583
1847.6389	  249.097386
1847.9159	  244.638282
1848.1929	  244.391737
1848.4699	  244.825535
1848.7469	  242.933406
1849.0239	  246.526596
1849.3009	  244.435709
1849.5779	  246.669729
1849.8548	  252.522121
1850.1318	  245.212486
1850.4088	  242.265810
1850.6858	  249.936027
1850.9628	  242.045952
1851.2398	  249.526293
1851.5168	  251.860135
1851.7938	  245.421144
1852.0708	  244.637389
1852.3478	  246.094016
1852.6248	  243.879033
1852.9018	  248.015952
1853.1788	  252.927820
1853.4558	  253.062795
1853.7328	  244.105941
1854.0098	  203.273988
1854.2868	  201.483754
1854.5637	  205.018353
1854.8407	  201.977519
1855.1177	  194.616084
1855.3947	  196.082664
1855.6717	  194.306325
1855.9487	  198.957091
1856.2257	  198.932777
1856.5027	  200.480315
1856.7797	  201.302847
1857.0567	  200.020693
1857.3337	  200.548091
1857.6107	  199.950753
1857.8877	  197.416768
1858.1647	  196.303260
1858.4417	  197.947565
1858.7187	  197.338941
1858.9957	  197.367133
1859.2726	  195.417424
1859.5496	  195.626664
1859.8266	  199.461445
1860.1036	  206.557812
1860.3806	  202.303799
1860.6576	  198.172095
1860.9346	  206.014576
1861.2116	  254.364876
1861.4886	  261.034774
1861.7656	  264.238585
1862.0426	  258.489873
1862.3196	  249.126932
1862.5966	  258.978282
1862.8736	  266.567734
1863.1506	  255.702978
1863.4276	  251.844383
1863.7045	  255.596224
1863.9815	  252.560922
1864.2585	  256.993979
1864.5355	  253.004199
1864.8125	  263.141197
1865.0895	  257.642675
1865.3665	  241.012415
1865.6435	  245.557140
1865.9205	  257.527984
1866.1975	  260.800335
1866.4745	  256.174905
1866.7515	  253.792354
1867.0285	  252.097294
1867.3055	  255.813578
1867.5825	  252.259699
1867.8595	  261.953039
1868.1365	  259.952869
1868.4134	  233.099059
1868.6904	  223.452521
1868.9674	  228.777660
1869.2444	  234.848157
1869.5214	  236.844106
1869.7984	  237.838756
1870.0754	  229.490167
1870.3524	  239.963440
1870.6294	  233.018756
1870.9064	  230.589956
1871.1834	  231.542309
1871.4604	  233.901086
1871.7374	  227.262520
1872.0144	  232.251561
1872.2914	  236.159308
1872.5684	  235.672762
1872.8454	  230.658978
1873.1223	  243.494465
1873.3993	  234.760966
1873.6763	  229.924427
1873.9533	  240.024484
1874.2303	  227.369770
1874.5073	  235.869552
1874.7843	  230.617103
1875.0613	  226.105159
1875.3383	  242.342872
1875.6153	  225.158107
1875.8923	  238.615152
1876.1693	  234.664067
1876.4463	  232.006765
1876.7233	  234.151532
1877.0003	  238.361377
1877.2773	  231.953710
1877.5542	  223.139467
1877.8312	  233.911478
1878.1082	  233.157305
1878.3852	  243.840569
1878.6622	  235.112063
1878.9392	  235.795083
1879.2162	  238.137227
1879.4932	  233.607492
1879.7702	  232.258452
1880.0472	  238.170899
1880.3242	  230.962583
1880.6012	  233.127332
1880.8782	  233.351924
1881.1552	  235.219925
1881.4322	  233.759741
1881.7092	  228.245997
1881.9862	  232.460626
1882.2631	  232.556069
1882.5401	  230.206539
1882.8171	  229.477827
1883.0941	  256.833239
1883.3711	  247.388235
1883.6481	  245.382173
1883.9251	  260.583210
1884.2021	  248.045216
1884.4791	  252.707225
1884.7561	  249.171488
1885.0331	  259.875576
1885.3101	  249.717127
1885.5871	  255.854387
1885.8641	  250.279100
1886.1411	  256.940426
1886.4181	  252.572379
1886.6951	  254.708476
1886.9720	  253.906064
1887.2490	  247.373430
1887.5260	  257.533419
1887.8030	  253.741753
1888.0800	  262.096831
1888.3570	  251.133637
1888.6340	  257.206627
1888.9110	  256.763080
1889.1880	  254.514788
1889.4650	  253.808671
1889.7420	  251.041886
1890.0190	  256.854930
1890.2960	  208.879904
1890.5730	  207.465199
1890.8500	  208.821522
1891.1270	  206.245739
1891.4039	  208.361698
1891.6809	  213.393384
1891.9579	  208.671958
1892.2349	  210.881394
1892.5119	  203.273271
1892.7889	  205.867797
1893.0659	  204.744091
1893.3429	  208.378685
1893.6199	  210.558790
1893.8969	  213.769430
1894.1739	  213.941834
1894.4509	  207.680287
1894.7279	  203.058389
1895.0049	  213.235489
1895.2819	  204.210099
1895.5589	  208.685958
1895.8359	  212.809887
1896.1128	  208.982084
1896.3898	  216.590388
1896.6668	  209.715796
1896.9438	  205.784701
1897.2208	  209.726970
1897.4978	  240.911818
1897.7748	  231.925323
1898.0518	  233.149000
1898.3288	  240.320480
1898.6058	  233.929381
1898.8828	  238.628554
1899.1598	  239.249596
1899.4368	  234.481148
1899.7138	  245.230715
1899.9908	  240.291768
1900.2678	  239.877544
1900.5447	  238.600667
1900.8217	  229.646817
1901.0987	  232.503689
1901.3757	  241.735475
1901.6527	  238.000300
1901.9297	  234.006576
1902.2067	  231.363914
1902.4837	  237.656807
1902.7607	  230.379024
1903.0377	  241.619091
1903.3147	  236.726789
1903.5917	  246.315881
1903.8687	  233.481123
1904.1457	  240.149413
1904.4227	  246.565021
1904.6997	  239.004927
1904.9767	  201.262121
1905.2536	  203.101675
1905.5306	  195.681272
1905.8076	  196.960569
1906.0846	  199.084220
1906.3616	  198.329366
1906.6386	  200.120713
1906.9156	  197.069939
1907.1926	  192.744696
1907.4696	  196.121294
1907.7466	  195.216073
1908.0236	  197.103186
1908.3006	  196.019739
1908.5776	  196.891436
1908.8546	  193.951088
1909.1316	  203.371156
1909.4086	  191.519100
1909.6856	  200.744200
1909.9625	  193.590332
1910.2395	  199.348846
1910.5165	  194.548640
1910.7935	  203.621894
1911.0705	  197.710483
1911.3475	  198.568826
1911.6245	  203.721610
1911.9015	  198.153497
1912.1785	  188.767653
1912.4555	  185.463610
1912.7325	  188.657750
1913.0095	  187.764737
1913.2865	  192.395024
1913.5635	  192.912180
1913.8405	  189.721107
1914.1175	  187.374154
1914.3944	  192.566401
1914.6714	  183.610055
1914.9484	  181.598391
1915.2254	  184.506801
1915.5024	  188.744206
1915.7794	  188.954488
1916.0564	  188.240698
1916.3334	  186.594007
1916.6104	  188.143520
1916.8874	  188.078232
1917.1644	  189.877823
1917.4414	  178.909434
1917.7184	  190.803157
1917.9954	  184.446130
1918.2724	  181.543418
1918.5494	  193.480345
1918.8264	  189.201629
1919.1033	  181.953022
1919.3803	  266.878229
1919.6573	  270.150635
1919.9343	  265.583302
1920.2113	  265.769233
1920.4883	  266.669115
1920.7653	  267.895053
1921.0423	  262.526835
1921.3193	  266.764845
1921.5963	  267.872734
1921.8733	  268.176900
1922.1503	  273.295291
1922.4273	  273.725205
1922.7043	  273.661966
1922.9813	  267.056724
1923.2583	  271.481146
1923.5353	  266.636067
1923.8122	  251.246153
1924.0892	  268.231136
1924.3662	  268.151268
1924.6432	  273.657248
1924.9202	  270.137966
1925.1972	  264.985042
1925.4742	  266.582544
1925.7512	  266.392771
1926.0282	  271.189355
1926.3052	  268.297157
1926.5822	  265.232552
1926.8592	  206.150045
1927.1362	  206.869115
1927.4132	  207.376802
1927.6902	  204.501216
1927.9672	  199.312244
1928.2441	  205.096484
1928.5211	  200.822983
1928.7981	  199.844230
1929.0751	  206.384079
1929.3521	  208.564732
1929.6291	  202.959518
1929.9061	  193.362504
1930.1831	  203.224460
1930.4601	  207.008597
1930.7371	  201.088831
1931.0141	  201.569077
1931.2911	  201.363000
1931.5681	  199.998531
1931.8451	  208.287962
1932.1221	  196.132035
1932.3991	  204.355136
1932.6761	  204.961117
1932.9530	  201.243655
1933.2300	  197.946379
1933.5070	  200.322745
1933.7840	  196.663417
1934.0610	  234.664336
1934.3380	  231.157546
1934.6150	  233.716995
1934.8920	  243.267327
1935.1690	  226.332509
1935.4460	  231.272770
1935.7230	  232.935177
1936.0000	  230.646000
1936.2770	  232.873245
1936.5540	  229.564858
1936.8310	  236.921428
1937.1080	  235.009718
1937.3849	  240.740702
1937.6619	  227.373852
1937.9389	  237.544639
1938.2159	  229.046207
1938.4929	  231.504016
1938.7699	  236.843624
1939.0469	  238.562607
1939.3239	  230.771350
1939.6009	  233.724411
1939.8779	  222.962691
1940.1549	  227.784136
1940.4319	  233.583282
1940.7089	  226.059335
1940.9859	  230.007463
1941.2629	  255.130595
1941.5399	  255.752485
1941.8169	  247.513166
1942.0938	  244.451108
1942.3708	  245.469316
1942.6478	  257.626026
1942.9248	  246.630932
1943.2018	  251.490845
1943.4788	  248.500245
1943.7558	  245.538720
1944.0328	  245.439841
1944.3098	  249.181475
1944.5868	  257.528558
1944.8638	  246.489354
1945.1408	  244.450629
1945.4178	  247.636229
1945.6948	  247.296507
1945.9718	  255.562331
1946.2488	  251.715538
1946.5258	  245.457310
1946.8027	  243.684988
1947.0797	  243.786445
1947.3567	  249.237612
1947.6337	  251.193516
1947.9107	  239.412391
1948.1877	  239.878220
1948.4647	  256.268612
1948.7417	  246.647045
1949.0187	  240.654423
1949.2957	  249.851116
1949.5727	  258.529120
1949.8497	  257.300745
1950.1267	  247.437200
1950.4037	  249.652225
1950.6807	  243.240912
1950.9577	  255.756443
1951.2346	  248.688515
1951.5116	  253.578052
1951.7886	  251.862848
1952.0656	  249.441836
1952.3426	  248.671051
1952.6196	  255.598334
1952.8966	  247.760638
1953.1736	  252.852505
1953.4506	  252.026117
1953.7276	  253.453368
1954.0046	  256.950795
1954.2816	  249.680258
1954.5586	  237.221319
1954.8356	  249.991891
1955.1126	  251.532859
1955.3896	  247.824671
1955.6666	  246.811557
1955.9435	  219.086066
1956.2205	  215.396427
1956.4975	  222.958760
1956.7745	  218.327946
1957.0515	  218.892720
1957.3285	  219.595351
1957.6055	  211.269419
1957.8825	  215.361561
1958.1595	  213.112341
1958.4365	  207.845875
1958.7135	  219.598156
1958.9905	  215.804997
1959.2675	  220.005332
1959.5445	  217.875969
1959.8215	  214.470117
1960.0985	  210.365095
1960.3755	  212.357904
1960.6524	  213.509644
1960.9294	  216.487789
1961.2064	  218.111720
1961.4834	  221.857500
1961.7604	  216.297407
1962.0374	  215.285952
1962.3144	  215.291840
1962.5914	  213.694094
1962.8684	  210.907454
1963.1454	  239.083679
1963.4224	  229.410035
1963.6994	  241.342304
1963.9764	  243.652421
1964.2534	  233.587230
1964.5304	  236.453065
1964.8074	  243.812447
1965.0843	  242.123426
1965.3613	  235.523279
1965.6383	  240.637694
1965.9153	  236.131236
1966.1923	  234.399296
1966.4693	  239.909327
1966.7463	  237.091061
1967.0233	  240.088172
1967.3003	  235.562554
1967.5773	  241.842948
1967.8543	  235.936548
1968.1313	  238.828665
1968.4083	  236.601290
1968.6853	  236.430242
1968.9623	  240.818005
1969.2393	  235.138863
1969.5163	  239.485707
1969.7932	  233.173954
1970.0702	  243.551733
1970.3472	  236.006380
1970.6242	  235.862501
1970.9012	  238.238387
1971.1782	  243.297871
1971.4552	  228.629253
1971.7322	  240.475552
1972.0092	  257.366492
1972.2862	  239.995124
1972.5632	  241.900404
1972.8402	  246.086758
1973.1172	  237.920146
1973.3942	  237.503781
1973.6712	  237.660623
1973.9482	  241.405098
1974.2252	  244.531655
1974.5021	  243.143170
1974.7791	  244.082214
1975.0561	  243.713523
1975.3331	  236.952703
1975.6101	  237.681512
1975.8871	  241.539176
1976.1641	  242.640167
1976.4411	  241.161838
1976.7181	  238.166912
1976.9951	  230.481244
1977.2721	  239.746596
1977.5491	  253.179037
1977.8261	  254.557469
1978.1031	  248.374201
1978.3801	  248.883821
1978.6571	  248.743973
1978.9340	  247.401860
1979.2110	  252.177204
1979.4880	  257.932292
1979.7650	  248.633402
1980.0420	  244.373871
1980.3190	  246.360536
1980.5960	  249.131573
1980.8730	  253.033474
1981.1500	  250.613146
