@@@ Acoustic log report, powered by DARTS (https://darts.citg.tudelft.nl/) @@@
@@@            Special edition for SPE GeoEnergy Hackathon 2021            @@@
Well name: E06
depth(m)	 transit time (micron/sec)
1968.8500	  240.278594
1969.0033	  234.303175
1969.1566	  240.931923
1969.3099	  236.383687
1969.4631	  241.749555
1969.6164	  239.087481
1969.7697	  241.160151
1969.9230	  233.401367
1970.0763	  237.155938
1970.2296	  239.193724
1970.3829	  242.083897
1970.5362	  244.097762
1970.6894	  241.163273
1970.8427	  236.495413
1970.9960	  226.678282
1971.1493	  223.720118
1971.3026	  229.630515
1971.4559	  218.148813
1971.6092	  218.765295
1971.7624	  229.293803
1971.9157	  217.721614
1972.0690	  224.859970
1972.2223	  223.740216
1972.3756	  223.491908
1972.5289	  220.894041
1972.6822	  222.184882
1972.8355	  231.130909
1972.9887	  220.130996
1973.1420	  221.681525
1973.2953	  225.213412
1973.4486	  221.397818
1973.6019	  220.578823
1973.7552	  222.075496
1973.9085	  223.248580
1974.0617	  219.806337
1974.2150	  222.434365
1974.3683	  227.762277
1974.5216	  226.424621
1974.6749	  227.240648
1974.8282	  224.351555
1974.9815	  243.629472
1975.1347	  246.704050
1975.2880	  246.011006
1975.4413	  239.013785
1975.5946	  244.103807
1975.7479	  248.597595
1975.9012	  245.259636
1976.0545	  243.469851
1976.2078	  255.812538
1976.3610	  251.490831
1976.5143	  251.940281
1976.6676	  237.382568
1976.8209	  248.787295
1976.9742	  254.729321
1977.1275	  238.237548
1977.2808	  247.717146
1977.4340	  253.291864
1977.5873	  243.331208
1977.7406	  244.961176
1977.8939	  247.851946
1978.0472	  249.986756
1978.2005	  243.749234
1978.3538	  244.713201
1978.5071	  250.742791
1978.6603	  241.512934
1978.8136	  249.811631
1978.9669	  236.746498
1979.1202	  244.635566
1979.2735	  242.676256
1979.4268	  238.784141
1979.5801	  246.583852
1979.7333	  241.896783
1979.8866	  242.760780
1980.0399	  240.487818
1980.1932	  242.331496
1980.3465	  245.141043
1980.4998	  246.900048
1980.6531	  235.719971
1980.8064	  242.356457
1980.9596	  246.766136
1981.1129	  242.905179
1981.2662	  234.096904
1981.4195	  236.708344
1981.5728	  237.851959
1981.7261	  237.644090
1981.8794	  243.393028
1982.0326	  245.656656
1982.1859	  237.022350
1982.3392	  247.522557
1982.4925	  243.233774
1982.6458	  243.345609
1982.7991	  242.853293
1982.9524	  247.136923
1983.1057	  237.870425
1983.2589	  238.848751
1983.4122	  234.644496
1983.5655	  238.640649
1983.7188	  238.286406
1983.8721	  246.721177
1984.0254	  237.976562
1984.1787	  240.271474
1984.3319	  249.587180
1984.4852	  243.575837
1984.6385	  243.030621
1984.7918	  240.700108
1984.9451	  242.809255
1985.0984	  237.431621
1985.2517	  229.843658
1985.4049	  252.223721
1985.5582	  244.234358
1985.7115	  242.179824
1985.8648	  235.132423
1986.0181	  246.917872
1986.1714	  246.727423
1986.3247	  234.975351
1986.4780	  240.049804
1986.6312	  238.605002
1986.7845	  243.473836
1986.9378	  241.859494
1987.0911	  254.728079
1987.2444	  241.996696
1987.3977	  244.618488
1987.5510	  245.479794
1987.7042	  239.718293
1987.8575	  252.928240
1988.0108	  252.089222
1988.1641	  248.706216
1988.3174	  253.188125
1988.4707	  245.199288
1988.6240	  248.637818
1988.7773	  245.135628
1988.9305	  251.055969
1989.0838	  248.968376
1989.2371	  250.091063
1989.3904	  248.841359
1989.5437	  259.793910
1989.6970	  252.594645
1989.8503	  248.807268
1990.0035	  251.614133
1990.1568	  252.003892
1990.3101	  250.640973
1990.4634	  244.632017
1990.6167	  240.031552
1990.7700	  247.033871
1990.9233	  250.875343
1991.0766	  236.276380
1991.2298	  234.819024
1991.3831	  233.023244
1991.5364	  242.054539
1991.6897	  229.200413
1991.8430	  227.549996
1991.9963	  241.303001
1992.1496	  239.329537
1992.3028	  235.451983
1992.4561	  236.213861
1992.6094	  232.828313
1992.7627	  231.756059
1992.9160	  232.865058
1993.0693	  236.206095
1993.2226	  236.028028
1993.3759	  229.069717
1993.5291	  238.366813
1993.6824	  236.956445
1993.8357	  229.167809
1993.9890	  236.581517
1994.1423	  227.709910
1994.2956	  232.289248
1994.4489	  237.307234
1994.6021	  240.996662
1994.7554	  235.750914
1994.9087	  227.057742
1995.0620	  263.763808
1995.2153	  258.972972
1995.3686	  263.763381
1995.5219	  261.778487
1995.6752	  265.727737
1995.8284	  264.378769
1995.9817	  259.544356
1996.1350	  268.474214
1996.2883	  265.435166
1996.4416	  267.163115
1996.5949	  266.270845
1996.7482	  259.669203
1996.9014	  264.276979
1997.0547	  258.557465
1997.2080	  259.290687
1997.3613	  261.345688
1997.5146	  261.609172
1997.6679	  262.989994
1997.8212	  262.088188
1997.9744	  263.849334
1998.1277	  263.250217
1998.2810	  268.676539
1998.4343	  256.748612
1998.5876	  264.187002
1998.7409	  257.859274
1998.8942	  266.554967
1999.0475	  246.439119
1999.2007	  239.587663
1999.3540	  231.622177
1999.5073	  238.038934
1999.6606	  235.653717
1999.8139	  238.352802
1999.9672	  239.732669
2000.1205	  232.078570
2000.2737	  229.500150
2000.4270	  229.347362
2000.5803	  238.046651
2000.7336	  236.299113
2000.8869	  242.096230
2001.0402	  241.491254
2001.1935	  237.551398
2001.3468	  232.154272
2001.5000	  243.862023
2001.6533	  236.640293
2001.8066	  243.425503
2001.9599	  237.379889
2002.1132	  231.483434
2002.2665	  236.832030
2002.4198	  229.266763
2002.5730	  234.097002
2002.7263	  240.708518
2002.8796	  241.098494
2003.0329	  240.305096
2003.1862	  204.582628
2003.3395	  210.452626
2003.4928	  204.246532
2003.6461	  201.097101
2003.7993	  208.983886
2003.9526	  208.237426
2004.1059	  206.851446
2004.2592	  202.902114
2004.4125	  203.023001
2004.5658	  213.054255
2004.7191	  211.227872
2004.8723	  204.659990
2005.0256	  204.873547
2005.1789	  208.560281
2005.3322	  204.836072
2005.4855	  205.342044
2005.6388	  206.667600
2005.7921	  217.755139
2005.9454	  206.752187
2006.0986	  212.420336
2006.2519	  218.759580
2006.4052	  206.733601
2006.5585	  198.388532
2006.7118	  206.936703
2006.8651	  205.856588
2007.0184	  213.641041
2007.1716	  249.766516
2007.3249	  258.210785
2007.4782	  255.982804
2007.6315	  262.318832
2007.7848	  260.540402
2007.9381	  255.122147
2008.0914	  256.681140
2008.2446	  265.974535
2008.3979	  263.882133
2008.5512	  264.856724
2008.7045	  260.035683
2008.8578	  253.016787
2009.0111	  258.899759
2009.1644	  261.884341
2009.3177	  258.503662
2009.4709	  257.311182
2009.6242	  249.572846
2009.7775	  255.561481
2009.9308	  260.457658
2010.0841	  254.780465
2010.2374	  254.301922
2010.3907	  255.027297
2010.5439	  255.454569
2010.6972	  259.137765
2010.8505	  263.601930
2011.0038	  257.705829
2011.1571	  241.627182
2011.3104	  246.110957
2011.4637	  239.587299
2011.6170	  243.573565
2011.7702	  245.236261
2011.9235	  243.736461
2012.0768	  247.264134
2012.2301	  244.665411
2012.3834	  247.501217
2012.5367	  246.921664
2012.6900	  253.286693
2012.8432	  244.299786
2012.9965	  253.452838
2013.1498	  241.890646
2013.3031	  253.762086
2013.4564	  245.396313
2013.6097	  250.062704
2013.7630	  242.648929
2013.9163	  238.607824
2014.0695	  244.008291
2014.2228	  248.452802
2014.3761	  244.784150
2014.5294	  239.507498
2014.6827	  239.907522
2014.8360	  244.170131
2014.9893	  241.419236
2015.1425	  239.622110
2015.2958	  259.422898
2015.4491	  259.074158
2015.6024	  262.765527
2015.7557	  256.256095
2015.9090	  268.318797
2016.0623	  265.029506
2016.2156	  253.939649
2016.3688	  250.280873
2016.5221	  260.601902
2016.6754	  256.964651
2016.8287	  260.002927
2016.9820	  261.510487
2017.1353	  255.696749
2017.2886	  261.758379
2017.4418	  259.718789
2017.5951	  260.423645
2017.7484	  263.931347
2017.9017	  263.511865
2018.0550	  261.654081
2018.2083	  260.454671
2018.3616	  265.618839
2018.5148	  256.451016
2018.6681	  261.514055
2018.8214	  262.797398
2018.9747	  261.279998
2019.1280	  257.879940
2019.2813	  243.060568
2019.4346	  253.575064
2019.5879	  244.864188
2019.7411	  242.542918
2019.8944	  238.303568
2020.0477	  244.068753
2020.2010	  238.303293
2020.3543	  244.172777
2020.5076	  235.558749
2020.6609	  243.140860
2020.8141	  242.593273
2020.9674	  242.603535
2021.1207	  247.344766
2021.2740	  246.945702
2021.4273	  246.247356
2021.5806	  241.900658
2021.7339	  243.668758
2021.8872	  248.100096
2022.0404	  248.423574
2022.1937	  239.995990
2022.3470	  242.155030
2022.5003	  244.406384
2022.6536	  245.308460
2022.8069	  251.474564
2022.9602	  253.385535
2023.1134	  251.199361
2023.2667	  252.718263
2023.4200	  248.780928
2023.5733	  246.480576
2023.7266	  247.760347
2023.8799	  251.546625
2024.0332	  245.623651
2024.1865	  254.411966
2024.3397	  247.750037
2024.4930	  247.376432
2024.6463	  259.435865
2024.7996	  244.368472
2024.9529	  244.906905
2025.1062	  242.396340
2025.2595	  241.588193
2025.4127	  245.700679
2025.5660	  250.897210
2025.7193	  254.456323
2025.8726	  244.048684
2026.0259	  253.650939
2026.1792	  246.693487
2026.3325	  242.339732
2026.4858	  248.387861
2026.6390	  243.722755
2026.7923	  251.187871
2026.9456	  243.962671
2027.0989	  248.340979
2027.2522	  232.987738
2027.4055	  244.438272
2027.5588	  235.991843
2027.7120	  237.341267
2027.8653	  234.870950
2028.0186	  236.119610
2028.1719	  239.653702
2028.3252	  234.352259
2028.4785	  229.278416
2028.6318	  238.853009
2028.7851	  234.811396
2028.9383	  244.141420
2029.0916	  229.455623
2029.2449	  236.665167
2029.3982	  246.041959
2029.5515	  235.691341
2029.7048	  233.255453
2029.8581	  239.099981
2030.0113	  235.593485
2030.1646	  237.866662
2030.3179	  242.312169
2030.4712	  235.484751
2030.6245	  241.815067
2030.7778	  242.538109
2030.9311	  238.563840
2031.0843	  237.733471
2031.2376	  234.965649
2031.3909	  246.890901
2031.5442	  242.400896
2031.6975	  243.832438
2031.8508	  248.320888
2032.0041	  245.772635
2032.1574	  246.180700
2032.3106	  250.096788
2032.4639	  251.452204
2032.6172	  243.376388
2032.7705	  246.967519
2032.9238	  244.996699
2033.0771	  249.866703
2033.2304	  251.695029
2033.3836	  246.055430
2033.5369	  251.502434
2033.6902	  249.832768
2033.8435	  246.066637
2033.9968	  251.920558
2034.1501	  250.010291
2034.3034	  245.386158
2034.4567	  239.679552
2034.6099	  252.828958
2034.7632	  245.075180
2034.9165	  252.523756
2035.0698	  244.849797
2035.2231	  245.929046
2035.3764	  251.524923
2035.5297	  253.825414
2035.6829	  254.016618
2035.8362	  259.039062
2035.9895	  250.011671
2036.1428	  249.805477
2036.2961	  248.192338
2036.4494	  250.752328
2036.6027	  253.723346
2036.7560	  255.248218
2036.9092	  250.485276
2037.0625	  256.572686
2037.2158	  251.345327
2037.3691	  259.236228
2037.5224	  250.059982
2037.6757	  252.907343
2037.8290	  252.542864
2037.9822	  262.040942
2038.1355	  252.072540
2038.2888	  252.386845
2038.4421	  255.980294
2038.5954	  262.073893
2038.7487	  264.305275
2038.9020	  247.481560
2039.0553	  248.304477
2039.2085	  251.163482
2039.3618	  232.370532
2039.5151	  238.051310
2039.6684	  242.801542
2039.8217	  239.150109
2039.9750	  232.217735
2040.1283	  226.523540
2040.2815	  238.385327
2040.4348	  232.430497
2040.5881	  236.127886
2040.7414	  238.690212
2040.8947	  231.031177
2041.0480	  237.728887
2041.2013	  239.667379
2041.3545	  248.555535
2041.5078	  237.162536
2041.6611	  230.250761
2041.8144	  236.852012
2041.9677	  237.543481
2042.1210	  230.348569
2042.2743	  233.764845
2042.4276	  236.309568
2042.5808	  231.404971
2042.7341	  241.337273
2042.8874	  232.727305
2043.0407	  233.657121
2043.1940	  236.732350
2043.3473	  225.712381
2043.5006	  235.746044
2043.6538	  232.315653
2043.8071	  229.624375
2043.9604	  237.096774
2044.1137	  235.772465
2044.2670	  238.274112
2044.4203	  238.171909
2044.5736	  243.461938
2044.7269	  232.317326
2044.8801	  235.086321
2045.0334	  238.293175
2045.1867	  230.500906
2045.3400	  241.209728
