   Depth      Permea    Poro
   3068.50    30.000    15.000
   3069.50    13.000    13.300
   3071.50     8.000    13.400
   3113.00    97.000    16.300
   3114.00    80.000    16.900
   3115.00     0.500    10.500
   3116.00     0.200    11.700
   3117.00     0.600    12.200
   3118.00     1.700    12.700
   3119.00     0.600    10.300
   3120.00     0.200     9.700
   3121.00     0.060    10.200
   3122.00     0.060    10.300
   3123.00     0.060    10.700
   3124.00     0.060    10.000
   3125.00     1.400    10.800
   3126.00     0.100    10.100
   3127.00     0.090    10.300
   3128.00     0.090    10.600
   3129.00     0.080    11.300
   3130.00     0.070     9.600
   3131.00     0.070    12.200
   3132.00     0.090    11.300
   3133.00     0.080    11.500
   3044.50     0.250    11.500
   3045.50     0.350    12.200
   3051.50     0.720    10.700
   3053.50     1.100    13.500
   3054.50     0.250    12.200
   3055.50     0.200    13.500
   2940.50     9.100    19.100
   2941.50    23.000    19.600
   2942.50    12.000    18.500
   2943.50    33.000    20.700
   2944.50     8.300    17.500
   2945.50     2.300    12.200
   2946.50     0.960    11.400
   2947.50     1.200    14.800
   2951.50    11.000    16.300
   2952.50     1.500    13.900
   2953.50     3.200    15.200
   2954.50    32.000    18.100
   2955.50     7.000    15.200
   2956.50     4.800    13.700
   2957.50    65.000    19.100
   2958.50    60.000    15.500
   2960.50     4.000    19.200
   2962.50    16.000    17.400
   2963.50     4.400    20.400
   2964.50     2.600     9.600
   2965.50    31.000    16.400
   2966.50    56.000    17.400
   2967.50     3.900    12.500
   2968.50     7.100    16.300
   2969.50     6.700    13.800
   2970.50     7.700    16.300
   2971.50     0.720    10.800
   2988.50    24.000    15.800
   2989.50    24.000    14.500
   2990.50    38.000    16.600
   2991.50     7.800    15.500
   2993.50     0.230    12.000
   2974.50     9.900    14.600
   2975.50     6.400    15.700
   2976.50     7.500    15.400
   2977.50     5.900    16.700
   2994.50     0.320    12.700
   2974.50     9.900    14.600
   2975.50     6.400    15.700
   2976.50     7.500    15.400
   2977.50     5.900    16.700
   3162.50   131.000    20.100
   3163.50    35.000    16.900
   3164.50    13.000    15.000
   3165.50    24.000    14.800
   3166.50    20.000    15.000
   3167.50    31.000    15.200
   3168.50    11.000    14.700
   3169.50     8.400    15.100
   3170.50    52.000    16.700
   3171.50    13.000    14.900
   3172.50     5.300    13.400
   3175.50     0.250    11.900
   3184.50     0.450    13.200
   3185.50     0.410    14.200
   3186.50     0.280    10.900
   3064.50     8.000    14.900
   3066.50     3.300    13.100
   3068.50     1.500    10.100
   3070.50     0.900    10.700
   3072.50     5.900    13.100
   3074.50     3.600    11.800
   3076.50     3.900    12.100
   3078.50     2.700    11.300
   3080.50     4.100    11.500
   3081.00     1.700    11.200
   3086.10    17.000    13.700
   3087.10     0.130    11.100
   3088.10     7.400    13.500
   3089.10    27.000    14.300
   3090.10    29.000    14.200
   3091.10    71.000    14.300
   3092.10    48.000    17.500
   3093.10    11.000    14.000
   3094.10    31.000    14.500
   3095.10    29.000    13.800
   3096.10     8.300    14.000
   3097.10     0.460    11.500
   3098.10     3.200    13.500
   3099.10    35.000    12.000
   3100.10     0.150    10.600
   3101.10    39.000    12.700
   3102.10    56.000    13.300
   3103.10    17.000    13.100
   3104.10    12.000    12.400
   3105.10    16.000    13.100
   3106.10     1.900    10.700
   3107.10    12.000    12.100
   3108.10     0.510    10.700
   3109.10    15.000    12.800
   3110.10     2.600     9.800
   3111.10     2.000    11.000
   3112.10     1.100    10.300
   3113.10     2.000    11.200
   3114.10    15.000    13.000
   3115.10    28.000    13.100
   3116.10   155.000    14.800
   3117.10   159.000    15.100
   3118.10    62.000    13.900
   3119.10     4.000    14.400
   3120.10     0.100     9.900
   3121.10     0.040     9.600
   3122.10     0.110    11.000
   3123.10     0.050    10.800
   3124.10     0.050    10.400
   3125.10     0.030     9.100
   3126.10     0.030     9.600
   3127.10     0.030    11.300
   3128.10     0.030    10.800
   3129.10     0.090    10.500
   3019.50    20.000    12.500
   3020.50    20.000    12.200
   3021.50    25.000    12.200
   3022.50    16.000    11.300
   3023.50     1.600    10.800
   3024.50    14.000    11.900
   3025.50     3.200    11.300
   3026.50     6.400    11.600
   3027.50     6.000    11.200
   3028.50     9.400    11.500
   3029.50     2.400    10.400
   3030.50     2.200    10.300
   3031.50     0.430     9.400
   3032.50     0.030     8.800
   3036.50     0.070     9.000
   3037.50     0.050     9.200
   3039.50     0.040    10.000
   3040.50     0.020     9.600
   2921.50     3.300    13.000
   2922.50    29.000    18.500
   2923.50    39.000    17.900
   2924.50     3.600     9.700
   2925.50    17.000    17.700
   2926.50    23.000    17.800
   2927.50    16.000    16.700
   3015.50   133.000    19.900
   3016.50    12.000    14.900
   3017.50    23.000    17.000
   3018.50     7.800    16.400
   3019.50    20.000    16.400
   3020.50    22.000    17.200
   3021.50    32.000    18.600
   3022.50     3.000    12.600
   3023.50     2.700    13.000
   3024.50     5.300    14.100
   3025.50    20.000    15.900
   3026.50    24.000    16.300
   3027.50    25.000    17.000
   3028.50    33.000    17.000
   3029.50    40.000    17.100
   3030.50    41.000    17.800
   3035.50    13.000    13.800
   3036.50    13.000    14.900
   3037.50     9.600    14.200
   3038.50    35.000    16.600
   3039.50    47.000    18.600
   3040.50    10.000    15.000
   3041.50    25.000    16.100
   3042.50    15.000    15.500
   3043.50    12.000    16.300
   3044.50    26.000    16.700
   3045.50    28.000    17.200
   3046.50    32.000    17.000
   3047.50    45.000    17.900
   3048.50   112.000    19.600
   3049.50    67.000    19.100
   3050.50   105.000    21.000
   3037.00     5.600    14.000
   3038.00     2.900    13.800
   3039.00     2.300    12.300
   3040.00     7.300    14.700
   3041.00     7.400    14.900
   3042.00    34.000    16.200
   3043.00     3.600    14.900
   3044.00     7.600    15.000
   3045.00     6.500    15.400
   3046.00     6.000    13.400
   3047.00     2.500    14.400
   3048.00     5.000    14.800
   3049.00     4.400    13.900
   3050.00     2.500    11.900
   3051.00     4.700    12.800
   3052.00     1.100    11.900
   3054.00     1.800    13.700
   3055.00     0.530    10.000
   3056.00     0.290     8.600
   3057.00     0.250     9.200
   3058.00     1.200    11.200
   3059.00     0.630    11.400
   3060.90     0.330    11.600
   3029.50    37.000    17.900
   3031.50    27.000    17.900
   3032.50    27.000    16.500
   3033.50     7.100    13.700
   3034.50     1.900    13.300
   3035.50    11.000    16.100
   3036.50     0.470     9.300
   3047.50    14.000    17.200
   3048.50     0.380    13.800
   3054.50     1.700    16.400
   3055.50     1.000    16.600
   3056.50     0.470    15.200
   3057.50     2.000    16.700
   3060.50     9.700    17.300
   3061.50     3.100    17.000
   3062.50     1.900    15.700
   3063.50     5.200    15.900
   3064.50     2.900    14.300
   3065.50     3.300    15.100
   3066.50     4.100    14.300
   2918.50    11.000    17.000
   2919.50     0.290    10.400
   2920.50     2.500    14.300
   2921.50    34.000    17.200
   2922.50    20.000    17.000
   2923.50    19.000    17.200
   2924.50    25.000    17.000
   2925.50     5.900    13.200
   2926.50    11.000    15.800
   2927.50    47.000    16.700
   2928.50    22.000    15.400
   2929.50    30.000    16.400
   2930.50    33.000    15.600
   2931.50    34.000    15.400
   2932.50    30.000    15.200
   2933.50    19.000    14.900
   2934.50   122.000    22.700
   2935.50    99.000    17.300
   2936.50    22.000    14.600
   2937.50    12.000    13.000
   2938.50    26.000    15.100
   2939.50    96.000    16.600
   2940.50     8.700    13.500
   2941.50    37.000    15.000
   2942.50    26.000    15.500
   2943.50    64.000    16.600
   2944.50   151.000    16.800
   2946.50     7.300    11.400
   2947.50     5.600    12.700
   2948.50     0.640    13.000
   2992.50     4.500    12.800
   2993.50    21.000    14.800
   2994.50     1.700    10.900
   2995.50     3.000    12.500
   2997.50     3.300    11.500
   2998.50    10.000    12.900
   3000.50     1.600    11.700
   3001.50     3.300    11.700
   3002.50     7.100    13.600
   3003.50    27.000    15.600
   3004.50     7.400    10.900
   3005.50     0.850     8.100
   3006.50    10.000    13.600
   3007.50    19.000    14.800
   3008.50    14.000    13.700
   3009.50     2.800    10.500
   3010.50     8.500    11.500
   3011.50    16.000    12.800
   3012.50    15.000    13.100
   3013.50    15.000    14.400
   3014.50     1.000     9.600
   3015.50     4.500    11.300
   3016.50     5.300    13.000
   3017.50     4.700    12.600
   3018.50     3.200    12.400
   3036.50    22.000    15.600
   3037.50     1.100     9.500
   3038.50     2.000     9.100
   3046.50     0.350     8.700
   3048.50     7.100    10.800
   3049.50    11.000    13.100
   3050.50     1.500    12.100
   3018.50    24.000    17.100
   3019.50    11.000    16.300
   3020.50     0.920    12.800
   3021.50    16.000    16.800
   3022.50     4.700    13.900
   3023.50     1.100     9.200
   3024.50    50.000    16.400
   3025.50     5.500    13.800
   3026.50     8.800    14.000
   3027.50     8.500    13.700
   3028.50     7.100    13.800
   3029.50     6.500    14.000
   3030.50     8.100    14.400
   3031.50     1.100     7.100
   3032.50     1.300    10.700
   3036.50     5.500    15.400
   3037.50     0.370    10.600
   3045.50     0.960    11.600
   2951.50    18.200    14.400
   2952.50    31.400    11.700
   2953.50    31.400    16.300
   2954.50    32.800    16.200
   2955.50    11.500    15.300
   2956.50    26.900    15.400
   2957.50    12.800    14.500
   2958.50    21.000    14.300
   2959.50    35.200    15.700
   2960.50     8.070    12.800
   2961.50     2.300    12.000
   2962.50     3.430    11.800
   2963.50     0.300    10.200
   2964.50     0.110     9.800
   2965.50     0.110     9.800
   2966.50     0.080    10.700
   2967.50     0.080    10.900
   2968.50     0.080    10.800
   2969.50     0.080    11.600
   2970.50     0.080    11.700
   2971.50     0.080    12.000
   2972.50     0.080    12.000
   2973.50     0.080    11.000
   2974.50     0.080    11.300
   2975.50     0.080    11.000
   2976.50     0.080    11.100
   2977.50     0.110    11.900
   2978.50     0.080    11.500
   2979.50     0.080    11.100
   2980.50     0.080    10.600
   2981.50     0.110    11.100
   2982.50     0.110    11.000
   2983.50     0.110    11.100
   2984.50     0.110    10.800
   2985.50     0.080    10.100
   2925.00    16.000    16.000
   2926.00    48.000    15.000
   2927.00    62.000    16.000
   2928.00    14.000    18.000
   2929.00    16.000    14.000
   2930.00    10.000    14.000
   2931.00     8.000    15.000
   2932.00    12.000    16.000
   2933.00    48.000    17.000
   2934.00     8.000    16.000
   2935.00     5.000    16.000
   2936.00    25.000    16.000
   2937.00    11.000    16.000
   2938.00    11.000    16.000
   2939.00    30.000    17.000
   2940.00     5.000    17.000
   2941.00    35.000    18.000
   2942.00    29.000    14.000
   2943.00    24.000    16.000
   2944.00    50.000    16.000
   2945.00    19.000    15.000
   2946.00    17.000    16.000
   2947.00    35.000    16.000
   2948.00    68.000    17.000
   2949.00    16.000    18.000
   2950.00   108.000    18.000
   2951.00    24.000    18.000
   2952.00    17.000    15.000
   2953.00    40.000    15.000
   2954.00    44.000    16.000
   2955.00    27.000    15.000
   2956.00    26.000    13.000
   2957.00    12.000    16.000
   2958.00     8.000    17.000
   2959.00    17.000    16.000
   2960.00    82.000    15.000
   2961.00    88.000    18.000
   2962.00    92.000    18.000
   2963.00    41.000    17.000
   2964.00    46.000    18.000
   2965.00    35.000    17.000
   2966.00    10.000    18.000
   2967.00    22.000    18.000
   2931.50   184.000    20.700
   2932.50   105.000    20.900
   2933.50    39.000    17.600
   2934.50    87.000    19.200
   2935.50    87.000    20.200
   2936.50    31.000    19.200
   2937.50    13.000    16.500
   2938.50    65.000    19.000
   2939.50   114.000    19.400
   2940.50   102.000    19.300
   2941.50    14.000    15.300
   2942.50    15.000    14.800
   2943.50     7.700    12.800
   2944.50    49.000    18.000
   2945.50    32.000    16.600
   2946.50    18.000    15.800
   2947.50    21.000    15.600
   2948.50    20.000    15.800
   2949.50    30.000    17.400
   2950.50    22.000    15.600
   2951.50     6.600    14.000
   2952.50     2.300    10.200
   2953.50     3.200    10.100
   2954.50    16.000    15.400
   2955.50     8.500    12.500
   2956.50    15.000    15.800
   2957.50     1.700    10.300
   2959.50     2.700    12.000
   2960.50     0.520    10.800
   2961.50     1.000     9.700
   2962.50    35.000    16.300
   2963.50    17.000    14.600
   2964.50    41.000    16.400
   2965.50    42.000    16.300
   2966.50    18.000    12.300
   2967.50    31.000    16.100
   2968.50    40.000    16.700
   2970.50    17.000    11.700
   2971.50    49.000    15.900
   2972.50    50.000    15.600
   2973.50    13.000    13.900
   2925.50    14.000    11.900
   2926.50    37.000    16.200
   2927.50    14.000    13.400
   2928.50    45.000    15.600
   2929.50    54.000    16.200
   2930.50    19.000    16.300
   2931.50     7.500    11.000
   2932.50    41.000    15.100
   2933.50    26.000    16.000
   2934.50   136.000    18.200
   2935.50   119.000    16.200
   2936.50    28.000    14.900
   2937.50   163.000    18.600
   2938.50    57.000    15.800
   2939.50    37.000    14.500
   2940.50    40.000    16.700
   2941.50     9.200    11.300
   2942.50    34.000    14.300
   2943.50    13.000    12.800
   2944.50    33.000    14.700
   2945.50    22.000    13.700
   2946.50    12.000    12.900
   2947.50     5.600    11.500
   2948.50    57.000    16.500
   2949.50     9.800    12.900
   2951.50    33.000    14.400
   2952.50    18.000    13.800
   2953.50     3.600    10.900
   2954.50    10.000    11.900
   2955.50   109.000    15.600
   2956.50     0.190     9.600
   2957.50     2.100    11.900
   2958.50     9.000    13.300
   2959.50     5.300    12.200
   2960.50    38.000    15.500
   2961.50     2.200    13.800
   2962.50    24.000    13.800
   2963.50     3.700    10.900
   2964.50     1.000    12.000
   2965.50     0.240     9.800
   2966.50     5.300    11.800
   2967.50     2.200    10.400
   2968.50     4.700    11.600
   2969.50     1.900     9.500
   2970.50     7.000    10.800
   2971.50     2.900     9.900
   2972.50     5.400    11.000
   2973.50    33.000    14.600
   2974.50     7.800    10.700
   2975.50     2.100     9.100
   2976.50     0.190     8.600
   2979.50     1.100    10.700
   2980.50     0.260    11.200
   2981.50     2.100    10.800
   2982.50     0.480    10.600
   2983.50     0.220    10.300
   2984.50     0.460    10.800
   2986.50     5.000    10.100
   2987.50     0.670    10.800
   2988.50     1.200     9.100
   2989.50     0.450    11.100
   2991.50     4.500    12.800
   2992.50     1.700    11.600
   2993.50     1.000    10.500
   2994.50     2.100    11.100
   2966.50   123.000    18.600
   2967.50   176.000    18.200
   2968.50   142.000    19.200
   2969.50     1.400    10.000
   2970.50     3.500    12.600
   2971.50    37.000    16.000
   2972.50    51.000    16.300
   2973.50    30.000    15.000
   2974.50    28.000    14.300
   2975.50    32.000    15.600
   2976.50    47.000    15.900
   2977.50    19.000    13.600
   2978.50    15.000    13.000
   2979.50    17.000    13.600
   2980.50    33.000    13.600
   2981.50    18.000    13.300
   2982.50     1.900    12.100
   2985.50     6.300    12.200
   2986.50    18.000    14.100
   2987.50     7.400    12.900
   2988.50     5.800    12.000
   2989.50     5.400    12.400
   2990.50    12.000    14.500
   2991.50     2.400     9.800
   2992.50     9.000    13.300
   2993.50     1.500    10.900
   2994.50     1.500     9.000
   2995.50     2.000     9.800
   2996.50    12.000    13.000
   2997.50     2.100     7.900
   2998.50    21.000    13.200
   2999.50    33.000    13.800
   3000.50     9.400    12.100
   2945.50    20.000    16.000
   2947.50     1.700     8.000
   2948.50    45.000    16.900
   2949.50    64.000    15.400
   2950.50     4.200    10.400
   2951.50    11.000    12.000
   2952.50    39.000    15.300
   2953.50    36.000    14.900
   2954.50    12.000    12.300
   2955.50    22.000    14.100
   2956.50     6.900    11.200
   2957.50     6.200    11.800
   2958.50    12.000    12.200
   2959.50    13.000    13.100
   2960.50     3.300    12.900
   2961.50     1.500    11.700
   2962.50    26.000    15.300
   2963.50    15.000    14.100
   2964.50    12.000    13.200
   2965.50     7.500    12.100
   2966.50     3.100    11.000
   2967.50     9.800    12.800
   2968.50    11.000    12.700
   2969.50    11.000    13.300
   2970.50    11.000    12.000
   2971.50     8.300    13.800
   2964.50    29.000    16.800
   2965.50    22.000    16.700
   2966.50    20.000    16.300
   2967.50    22.000    17.000
   2968.50    20.000    16.800
   2969.50    17.000    15.900
   2970.50    18.000    14.100
   2971.50    37.000    16.000
   2972.50    19.000    16.300
   2973.50    31.000    17.800
   2974.50    32.000    18.000
   2975.50    26.000    18.000
   2976.50    22.000    17.700
   2977.50     3.200    12.800
   2978.50    31.000    16.900
   2979.50    57.000    18.600
   2980.50    19.000    17.800
   2981.50    27.000    14.100
   2982.50    31.000    17.300
   2983.50     2.700    12.100
   2984.50    31.000    14.800
   2945.50    64.500    17.400
   2946.50     3.510    15.400
   2947.50    24.400    17.000
   2948.50    32.800    16.300
   2949.50    30.000    15.800
   2950.50    32.800    15.500
   2951.50    18.300    15.000
   2952.50     1.090    11.700
   2953.50    30.000    16.300
   2954.50     5.510    12.800
   2955.50     7.590    13.800
   2956.50    19.800    14.300
   2957.50     4.160    12.100
   2958.50     4.230    11.300
   2959.50     2.600    12.700
   2960.50    22.000    15.200
   2961.50    11.400    14.300
   2962.50     1.420    12.000
   2963.50     4.390    13.600
   2964.50     1.600    11.800
   2965.50     4.950    12.700
   2966.50     2.390    11.300
   2932.50    15.000    18.600
   2933.50    27.000    19.200
   2934.50     5.300    16.300
   2935.50    15.000    17.800
   2936.50    26.000    18.200
   2937.50    22.000    17.600
   2938.50    31.000    18.200
   2939.50    20.000    17.300
   2940.50    29.000    17.800
   2941.50    26.000    17.100
   2942.50    23.000    16.800
   2943.50    22.000    16.500
   2944.50    16.000    16.300
   2945.50    57.000    15.800
   2946.50    21.000    16.200
   2947.50    69.000    19.400
   2948.50     0.010     0.100
   2949.50    39.000    18.500
   2950.50    72.000    18.400
   2951.50    17.000    15.800
   2952.50    33.000    17.700
   2953.50    59.000    19.500
   2954.50    43.000    17.800
   2955.50   410.000    22.000
   2956.50    77.000    19.000
   2957.50   108.000    19.100
   2958.50   445.000    23.400
   2959.50    48.000    17.800
   2960.50    40.000    17.700
   2961.50     0.510    13.300
   2939.50    45.000    19.300
   2940.50    30.000    18.200
   2941.50    40.000    18.900
   2942.50     1.400    12.600
   2943.50     7.400    14.000
   2944.50    21.000    17.500
   2945.50    19.000    18.000
   2946.50    14.000    16.300
   2947.50    51.000    18.700
   2948.50    25.000    16.800
   2949.50     4.600    12.600
   2950.50    13.000    17.500
   2951.50    11.000    17.300
   2952.50     0.010     0.100
   2953.50    15.000    18.200
   2954.50    50.000    19.200
   2955.50    16.000    16.000
   2956.50    47.000    18.000
   2957.50    49.000    16.600
   2958.50     3.000    12.300
   2959.50     0.910    10.800
   2960.50     0.010     0.100
   2961.50     0.010     0.100
   2962.50     0.010     0.100
   2963.50     0.480    11.600
   2964.50     0.260    11.000
   2965.50     0.310    11.000
   2940.50    50.000    14.700
   2941.50    22.000    16.800
   2942.50   125.000    22.300
   2943.50    42.000    18.100
   2944.50    40.000    17.800
   2945.50    21.000    17.500
   2946.50    49.000    19.000
   2947.50    14.000    16.900
   2948.50    45.000    18.700
   2949.50    41.000    17.900
   2950.50     7.000    14.300
   2951.50     1.800    11.700
   2952.50    25.000    17.300
   2953.50    37.000    17.600
   2954.50    59.000    17.900
   2955.50    17.000    16.300
   2956.50    29.000    17.500
   2957.50     6.300    15.100
   2958.50     1.800    13.700
   2967.50     3.400    14.700
   2968.50     0.010     0.100
   2969.50     4.900    15.700
   2970.50    32.000    16.800
   2971.50     7.100    14.600
   2972.50     2.700    11.000
   2988.50    13.000    15.900
   2989.50    21.000    15.800
   2990.50    12.000    14.600
   2991.50    11.000    14.900
   2992.50    11.000    14.800
   2993.50     1.000    14.900
   2994.50     2.700    14.400
   2995.50     8.600    15.700
   2996.50     6.400    15.100
   2997.50     5.900    14.800
   2998.50     4.900    14.700
   2999.50     2.000    13.500
   3000.50     8.100    15.400
   3001.50     9.100    15.000
   3002.50     6.700    14.400
   3003.50     6.300    14.200
   3004.50    10.000    15.200
   3005.50     3.900    14.100
   3006.50    11.000    14.700
   3011.50     0.860    10.100
   2950.50    27.000    15.000
   2951.50     7.300    14.000
   2952.50    11.000    15.000
   2953.50    24.000    14.000
   2954.50    16.000    14.000
   2955.50    31.000    15.000
   2956.50     7.900    16.000
   2957.50    17.000    16.000
   2958.50    11.000    15.000
   2959.50     3.100    14.000
   2960.50    25.000    15.000
   2961.50     1.200    11.000
   2962.50     2.900    12.000
   2963.50     2.800    11.000
   2964.50     2.300    12.000
   2965.50     2.000    11.000
   2966.50     2.400    12.000
   2967.50     1.800    11.000
   2968.50     5.000    12.000
   2969.50     3.900    14.000
   2970.50     1.600    12.000
   2971.50     2.500    11.000
   2972.50     1.000    11.000
   2973.50     1.200    12.000
   2974.50     1.000    12.000
   2975.50     1.600    11.000
   2976.50     1.500    12.000
   2977.50     1.900    11.000
   2978.50     1.200    13.000
   2979.50     1.200    12.000
   2980.50     1.100    12.000
   2981.50     1.800    11.000
   2982.50     1.400    11.000
   2953.50    16.000    20.400
   2954.50    40.000    21.400
   2955.50    28.000    18.300
   2956.50     7.300    16.600
   2957.50     8.300    19.300
   2958.50    25.000    20.400
   2959.50    20.000    19.100
   2960.50    43.000    20.400
   2961.50    20.000    18.800
   2962.50    32.000    19.800
   2963.50    23.000    18.400
   2964.50    22.000    18.300
   2965.50    14.000    17.200
   2966.50     5.900    16.100
   2967.50    14.000    18.200
   2968.50    20.000    18.600
   2969.50     7.900    16.500
   2970.50    15.000    17.500
   2971.50    12.000    17.200
   2972.50    30.000    19.000
   2973.50    17.000    17.700
   2974.50    17.000    18.000
   2975.50    21.000    18.700
   2976.50    12.000    17.300
   2977.50    11.000    17.600
   2978.50     4.200    15.900
   2979.50     1.800    12.900
   2980.50     0.810    12.100
   2983.50     0.120    10.200
   2984.50     0.340    10.900
   2985.50     0.380    11.600
   2986.50     0.300    11.300
   2987.50     0.300    11.600
   2988.50     0.300    11.400
   2989.50     0.190    10.500
   2990.50     0.300    11.900
   2991.50     0.230    11.200
   2992.50     0.190    11.300
   2993.50     0.340    13.000
   2994.50     0.450    13.100
   2995.50     0.300    11.900
   2996.50     0.340    12.500
   2997.50     0.770    13.600
   2998.50     0.770    12.500
   2999.50     2.230    13.500
   3000.50     1.000    12.800
   3001.50     0.450    12.000
   3002.50     0.810    12.900
   3003.50     0.970    13.300
   3004.50     1.300    13.300
   3005.50     1.900    13.800
   3006.50     1.840    14.000
   3007.50     0.850    13.500
   3008.50     0.530     7.530
   3009.50     1.090    13.600
   3010.50     7.180    15.400
   3011.50     1.010    13.200
   3012.50     0.700    12.700
   3013.50     2.840    14.100
   3014.50     1.300    13.400
   3015.50     0.570    12.800
   3016.50     0.810    13.200
   3017.50     0.660    12.100
   3018.50     0.450    11.900
   3019.50     0.490    10.900
   3020.50     0.340     9.200
   3009.50     1.000    13.700
   3010.50     3.000    13.400
   3011.50     0.010    11.400
   3012.50     0.010    11.900
   3013.50    45.000    13.300
   3014.50     1.000    14.300
   3015.50     1.000    12.900
   3016.50     1.000    13.700
   3017.50     1.000    14.200
   3018.50     0.010     0.100
   3019.50     0.010     0.100
   3020.50     0.010     0.100
   2974.50   124.000    19.800
   2975.50    13.000    15.800
   2976.50    15.000    17.600
   2977.50     8.100    16.000
   2978.50     7.700    16.600
   2979.50     0.850    10.100
   2980.50    21.000    18.700
   2981.50     0.410     9.400
   2982.50     3.300    14.000
   2983.50    13.000    18.600
   2984.50    23.000    18.500
   2985.50    11.000    16.600
   2986.50    22.000    17.200
   2987.50     6.500    17.700
   2988.50    22.000    16.900
   2989.50    31.000    17.500
   2990.50    29.000    17.900
   2991.50    34.000    18.400
   2992.50    53.000    19.200
   2993.50    46.000    18.800
   2994.50    35.000    18.800
   2995.50    59.000    19.100
   2996.50    47.000    19.500
   2997.50   137.000    20.200
   2998.50    39.000    18.400
   2999.50     0.610    10.400
   3000.50     1.500    11.900
   3001.50    12.000    19.200
   3002.50     0.230    12.100
   2969.50    40.200    16.100
   2970.50     4.490    12.300
   2971.50    11.400    13.700
   2972.50    10.000    14.000
   2973.50    17.600    14.400
   2974.50     7.220    13.500
   2975.50    10.000    14.300
   2976.50     8.160    12.500
   2977.50    12.700    15.000
   2978.50     2.520    11.800
   2979.50     2.520    12.400
   2980.50     5.630    13.600
   2981.50     7.710    14.200
   2982.50     6.460    13.100
   2983.50    11.300    13.400
   2984.50     6.120    13.100
   2985.50     1.780    10.600
   2986.50     0.220     9.200
   2987.50     0.030     8.400
   2988.50     0.010     5.000
   2989.50     0.340    11.800
   2990.50     0.340     9.500
   2991.50     0.070     9.200
   2992.50     0.190    10.500
   2993.50     0.110     8.800
   2994.50     0.340    10.800
   2995.50     0.220    12.500
   2996.50     0.100    11.200
   2997.50     0.270    11.000
   2998.50     0.450    11.200
   2999.50     0.120    10.500
   3000.50     0.020     2.300
   2953.50    24.200    16.000
   2954.50    22.400    15.900
   2955.50    28.700    16.700
   2956.50    21.500    15.400
   2957.50    20.600    15.200
   2958.50     5.530    14.300
   2959.50     5.740    14.900
   2960.50    35.500    17.700
   2961.50    14.300    17.100
   2962.50    14.300    14.400
   2963.50    24.200    15.100
   2964.50    11.900    15.700
   2965.50     7.930    15.700
   2966.50     9.460    15.200
   2967.50     9.400    14.500
   2968.50    18.500    15.900
   2969.50     1.400    13.200
   2970.50     4.200    13.300
   2971.50     0.490    12.300
   2972.50    25.000    17.500
   2973.50     1.810    10.900
   2974.50     0.210    12.200
   2975.50     0.110     9.200
   2976.50     0.060     7.500
   2992.50     8.900    14.500
   2993.50    14.000    15.000
   2994.50    11.000    14.500
   2995.50     7.300    14.100
   2996.50    11.000    14.100
   2997.50    13.000    14.100
   2998.50     5.100    12.500
   2999.50    13.000    14.200
   3000.50    13.000    14.200
   3001.50     9.900    13.900
   3002.50    11.000    13.900
   3003.50    13.000    14.200
   3004.50    20.000    14.800
   3005.50    18.000    14.500
   3006.50    26.000    15.000
   3007.50    14.000    13.900
   3008.50    13.000    13.500
   3009.50     0.160     8.000
   3010.50     0.840     8.100
   3011.50     0.180     8.600
   3012.50     0.110     8.100
   3013.50     0.090     8.800
   3014.50     0.100     8.400
   3015.50     0.130     8.300
   3016.50     0.110     8.800
   3017.50     0.600    11.100
   3018.50     0.110     9.200
   3019.50     1.100    11.200
   3020.50     0.680    12.700
   3021.50     0.410    11.500
   3022.50     0.820    12.500
   3023.50     0.080     9.600
   3024.50     0.150    11.600
   3025.50     0.230    12.400
   3026.50     0.160    12.200
   3027.50     0.730    12.700
   3028.50    11.000    13.500
   3029.50     0.530    12.700
   3030.50     0.070    10.100
   3031.50     0.010     5.900
   3032.50     0.150     7.300
   2972.50    10.300    15.000
   2973.50     7.510    13.700
   2974.50    10.300    14.000
   2975.50    13.100    14.400
   2976.50    13.100    14.400
   2977.50     0.000    13.900
   2978.50     7.480    13.100
   2979.50     4.870    12.400
   2980.50     1.350    11.500
   2981.50     0.380    11.300
   2982.50     0.050     7.300
   2983.50    17.000     7.400
   2984.50    18.300     8.500
   2985.50     0.080     7.000
   2986.50     0.180     9.400
   2987.50     0.120    10.200
   2988.50     0.280    10.200
   2989.50     0.170     9.400
   2990.50     3.250    13.100
   2991.50     0.310    12.500
   2992.50     6.270    14.200
   2993.50     6.400    15.000
   2994.50    64.700    14.200
   2995.50     4.300    14.000
   2996.50     0.680    12.900
   2997.50     0.380    12.400
   2998.50     0.180    10.600
   2999.50     0.020     2.800
   3000.50     0.300     2.700
   3001.50     0.880     2.700
   3002.50     0.110     4.100
   3003.50     0.180     1.700
