A10 457215.47 6782674.59 0.2184312027027027
A15 456660.79 6781495.5 0.17542465845272207
A16 456516.2 6784063.83 0.21164389112760695
B2 458442.82 6785839.99 0.21771475157232706
B8 457789.33 6787190.11 0.10955982857142857
B9 456713.52 6785544.23 0.14206995072463768
C1 453155.77 6786788.35 0.11829947273358805
C2 454839.98 6787607.12 0.11832124322230829
C3 456410.25 6788724.75 0.11818950118764847
C4 455024.06 6786210.63 0.1186237797752809
C5 453582.28 6783001.8 0.11668831235668789
C6 451512.14 6781788.24 0.11908564659197014
C7 452310.73 6784852.47 0.11761424935897435
